[STATS]
"stat_16" = 1.000000
"stat_17" = 1.000000
"stat_18" = 1.000000
"stat_19" = 1.000000
"stat_07" = 1.000000
"stat_01" = 1.000000
"stat_30" = 1.000000
"stat_31" = 1.000000

